Start: 2025-01-31 19:04:14.457054 - Seed: 42, Rate: 0.3, Model: GRU4REC_concat
End: 2025-01-31 20:37:47.856888 - Seed: 42, Rate: 0.3, Model: GRU4REC_concat
Total time:5613.399834 secs
